1 399 323
2 0 266
3 188 315
4 335 271
5 122 248
6 129 155
7 160 230
8 183 108
9 342 237
10 52 135
11 103 28
12 130 66
13 168 229
14 356 386
15 296 169
16 124 384
17 136 53
18 30 369
19 317 381
20 373 22
21 52 344
22 165 177
23 277 220
24 368 250
25 315 396
26 76 17
27 115 223
28 341 308
29 355 3
30 63 83
31 189 33
32 287 82
33 3 211
34 187 303
35 125 339
36 174 197
37 169 374
38 321 272
39 179 25
40 359 177
41 294 202
42 23 52
43 1 74
44 223 65
45 285 146
46 278 0
47 350 372
48 211 145
49 232 195
50 125 58
51 164 102
52 195 18
53 163 24
54 61 238
55 322 308
56 34 313
57 222 223
58 91 73
59 314 214
60 232 192
61 47 394
62 258 97
63 324 217
64 224 84
65 110 335
66 286 379
67 185 157
68 58 278
69 247 345
70 65 163
71 233 37
72 203 26
73 396 52
74 258 104
75 213 122
76 56 219
77 17 308
78 137 222
79 358 281
80 318 180
81 14 191
82 52 298
83 389 208
84 317 72
85 128 78
86 293 89
87 48 133
88 104 348
89 376 208
90 18 185
91 299 255
92 215 376
93 26 247
94 36 142
95 77 250
96 149 121
97 15 345
98 361 367
99 111 168
100 291 34
